CHR	SNP	BP	P
14	14:33967212:C:A	33967212	1.30E-06
18	rs12955421	76002716	1.93E-06
3	rs1145036	2328334	3.83E-06
2	rs59874571	29998814	5.17E-06
3	3:2328258:T:C	2328258	5.78E-06
3	rs4263314	75290033	6.20E-06
18	18:75996882:G:T	75996882	6.50E-06
18	rs12969521	75996460	6.50E-06
18	rs71361173	76000450	6.50E-06
18	rs7229435	75996609	6.50E-06
18	rs7243650	75996566	6.50E-06
18	rs7244629	75997161	6.50E-06
5	5:134520666:CT:C	134520666	6.81E-06
10	rs4948491	61937130	7.05E-06
3	rs1143978	2317302	8.05E-06
5	rs329122	134528909	8.24E-06
4	rs17729514	142566298	8.45E-06
18	18:75993892:C:T	75993892	9.14E-06
5	rs329124	134529762	9.26E-06
3	rs1145032	2330290	1.03E-05
5	rs329120	134526066	1.06E-05
3	rs1143977	2317465	1.11E-05
2	rs56364528	2968356	1.11E-05
10	rs7915739	61926595	1.17E-05
5	rs329118	134525973	1.17E-05
3	3:2320118:T:A	2320118	1.26E-05
3	3:2326599:A:T	2326599	1.29E-05
3	3:2329537:T:TC	2329537	1.35E-05
3	rs1153480	2328849	1.35E-05
3	rs5846178	2319301	1.36E-05
3	rs1145035	2328382	1.42E-05
3	rs1178534	2333173	1.48E-05
15	rs12904737	53085804	1.49E-05
3	3:2364279:C:G	2364279	1.55E-05
3	rs34834532	2352364	1.60E-05
2	rs11127449	1043574	1.66E-05
18	rs17058687	75993526	1.67E-05
18	rs17058678	75990813	1.69E-05
3	rs16855088	170463023	1.89E-05
6	6:111067423:TTTTG:T	111067423	1.91E-05
6	rs55760288	111067678	1.91E-05
3	rs6785626	2359283	2.05E-05
12	rs117831270	84734468	2.16E-05
2	rs34147887	1026287	2.20E-05
2	rs13398764	1014984	2.22E-05
3	rs1523321	2344335	2.30E-05
5	rs28763568	76122084	2.36E-05
11	rs11025358	20030311	2.39E-05
2	rs4971329	1042097	2.41E-05
5	rs11738207	22984975	2.47E-05
3	3:2367594:A:G	2367594	2.50E-05
5	rs285876	114723326	2.57E-05
14	rs61980122	97168947	2.64E-05
5	rs397775203	18167368	2.65E-05
3	rs1502576	2339559	2.68E-05
5	5:18161048:GA:G	18161048	2.71E-05
5	5:18162341:G:C	18162341	2.71E-05
5	rs13178879	18164568	2.71E-05
5	rs3849673	18160364	2.71E-05
5	rs7729078	18160477	2.71E-05
2	rs11127446	1025169	2.72E-05
6	rs12211972	111070334	2.73E-05
6	6:68324212:TA:T	68324212	2.76E-05
3	rs7645747	75280219	2.79E-05
3	3:75237737:GT:G	75237737	2.86E-05
5	rs13160383	76113728	2.93E-05
3	3:2329735:A:AT	2329735	3.03E-05
3	rs9825291	152787516	3.14E-05
3	rs9838641	152786776	3.14E-05
19	rs72996924	8905575	3.20E-05
6	rs12200507	111062265	3.22E-05
14	rs113943689	33468931	3.23E-05
14	rs17101309	33469536	3.23E-05
14	rs74863175	33471948	3.23E-05
14	rs76367946	33468853	3.23E-05
14	rs77529333	33469084	3.23E-05
14	rs78558545	33470316	3.23E-05
14	rs78881109	33473239	3.23E-05
14	rs78981209	33470004	3.23E-05
3	3:6651510:AT:A	6651510	3.24E-05
5	5:18165351:GATGGGCTCCC:G	18165351	3.30E-05
5	5:18165602:C:A	18165602	3.30E-05
5	5:18170288:C:T	18170288	3.30E-05
5	rs2386690	18170898	3.30E-05
5	rs2892094	18170977	3.30E-05
5	rs62349770	18169680	3.30E-05
5	rs6880498	18169923	3.30E-05
3	3:2354159:A:T	2354159	3.35E-05
6	rs6931441	68278280	3.37E-05
3	3:2347690:G:T	2347690	3.39E-05
3	rs150711962	2347685	3.39E-05
3	rs1666325	2341652	3.39E-05
3	rs1666330	2346212	3.39E-05
3	rs1666332	2347448	3.39E-05
3	rs1666341	2348915	3.39E-05
3	rs1685490	2342639	3.39E-05
3	rs36163151	2347349	3.39E-05
3	rs55791983	2347689	3.39E-05
5	rs10060618	76120013	3.39E-05
6	6:68322528:G:T	68322528	3.42E-05
6	6:68322641:G:A	68322641	3.42E-05
6	rs2341484	68322925	3.42E-05
6	rs9360328	68320456	3.42E-05
2	rs55881199	20212800	3.49E-05
2	rs72783297	20209832	3.52E-05
5	rs12659929	76115073	3.53E-05
16	rs12934018	72040419	3.64E-05
5	5:76094886:T:A	76094886	3.65E-05
5	rs6862987	76094015	3.65E-05
15	rs12912336	53087245	3.65E-05
6	6:111062907:G:A	111062907	3.66E-05
9	rs17229345	103897025	3.66E-05
12	rs4763543	10498207	3.72E-05
3	rs9310717	2358892	3.75E-05
8	rs4546683	3232076	3.77E-05
2	rs34277085	10540255	3.82E-05
6	rs55647242	143251527	3.85E-05
18	rs7233676	8511588	3.86E-05
4	4:65546474:C:T	65546474	3.90E-05
4	rs11337944	65551184	3.90E-05
4	rs13143662	65543560	3.90E-05
4	rs28437405	65553757	3.90E-05
5	rs7448740	76083489	3.93E-05
2	rs185711670	200487712	3.98E-05
12	rs77664364	66610190	4.01E-05
12	12:10514833:A:G	10514833	4.04E-05
12	rs10772302	10516631	4.04E-05
12	rs2417899	10515378	4.04E-05
12	rs2417900	10515511	4.04E-05
12	rs2417901	10516451	4.04E-05
12	rs4237927	10515874	4.04E-05
12	rs4509859	10519305	4.04E-05
3	rs6549720	75321487	4.05E-05
6	rs12206874	111062356	4.07E-05
4	rs4860186	65557648	4.09E-05
11	rs72877250	23910106	4.11E-05
11	rs34173538	20032901	4.11E-05
14	14:33466704:G:A	33466704	4.12E-05
5	rs767590	76116593	4.12E-05
5	5:114770237:T:A	114770237	4.18E-05
8	8:124410846:CA:C	124410846	4.25E-05
5	5:76120851:G:A	76120851	4.29E-05
5	rs10054931	76114686	4.31E-05
13	rs45505295	42888216	4.35E-05
6	rs6915191	46345766	4.42E-05
6	rs9363879	68278601	4.45E-05
2	rs72783294	20207871	4.46E-05
9	rs2147241	71988017	4.50E-05
6	rs7756182	68328734	4.53E-05
6	rs9363898	68330617	4.53E-05
21	rs12626958	14691423	4.55E-05
3	rs35700652	3707766	4.58E-05
3	rs1666343	2350291	4.68E-05
3	rs1685496	2350256	4.68E-05
3	rs1685497	2350288	4.68E-05
18	18:76027300:C:T	76027300	4.71E-05
18	rs1395813	76028932	4.71E-05
5	rs202066247	76121850	4.71E-05
7	rs73056241	15789244	4.72E-05
8	rs4567018	124415608	4.75E-05
2	rs6548175	1021647	4.83E-05
2	rs6548176	1021648	4.83E-05
3	rs1720178	2343536	4.84E-05
4	rs4518304	65555948	4.84E-05
14	rs10142103	33474693	4.94E-05
14	rs10142106	33474699	4.94E-05
14	rs10144547	33474926	4.94E-05
6	rs55896129	111065722	5.04E-05
6	6:68305459:A:AC	68305459	5.05E-05
4	rs72726495	142656806	5.06E-05
5	rs158359	114747023	5.07E-05
3	3:152777479:TTTC:T	152777479	5.09E-05
3	rs35907264	152783736	5.09E-05
3	rs4679692	152783937	5.09E-05
9	9:19436964:T:C	19436964	5.16E-05
2	2:10539280:T:C	10539280	5.17E-05
6	6:68312545:A:G	68312545	5.18E-05
6	rs9360327	68312668	5.18E-05
18	rs359758	76021117	5.22E-05
8	rs4871790	127429290	5.22E-05
3	3:2362410:C:G	2362410	5.23E-05
3	rs4684344	2351604	5.24E-05
6	6:68369930:A:T	68369930	5.24E-05
6	rs9454463	68288737	5.25E-05
14	14:33464564:G:A	33464564	5.25E-05
14	rs75926643	33466218	5.25E-05
18	rs359762	76025667	5.26E-05
3	rs76177828	166055689	5.27E-05
9	9:71988171:C:G	71988171	5.28E-05
9	rs11143048	71987693	5.28E-05
5	rs10036358	76068298	5.32E-05
18	rs7233905	8511384	5.38E-05
12	rs10772306	10524541	5.44E-05
11	rs4757881	20032021	5.47E-05
6	rs55791974	111065825	5.59E-05
2	2:165399899:G:A	165399899	5.60E-05
2	rs58236238	165399651	5.60E-05
5	rs28475330	76119493	5.61E-05
10	rs113145880	108043799	5.65E-05
10	rs12266262	108050421	5.65E-05
10	rs200038139	108052491	5.65E-05
10	rs79708362	108042667	5.65E-05
2	rs72783299	20211767	5.65E-05
15	rs1604277	53097699	5.72E-05
2	rs935403	165328783	5.75E-05
8	rs4922064	19577523	5.77E-05
8	rs6982560	124415773	5.80E-05
6	6:8040739:T:C	8040739	5.80E-05
6	rs2815130	8029046	5.80E-05
6	rs2815138	8038641	5.80E-05
12	rs10772296	10495741	5.81E-05
3	rs4450791	2365294	5.86E-05
2	rs12105192	1024607	5.88E-05
10	rs4253507	79610365	5.88E-05
3	rs1847169	2362645	5.92E-05
5	rs200034051	76034643	5.94E-05
3	rs62293531	170463969	5.97E-05
6	rs9295085	158744399	5.97E-05
7	rs35257069	117836709	6.09E-05
5	rs11750149	22884779	6.10E-05
6	rs9363900	68331288	6.11E-05
5	rs10044546	76041769	6.12E-05
5	rs28554027	76040651	6.12E-05
5	rs35943961	76033489	6.21E-05
8	rs4871489	124418789	6.30E-05
5	rs10043369	76115979	6.32E-05
14	rs75352221	33475083	6.35E-05
14	rs78664023	33475024	6.35E-05
7	rs57661695	15789780	6.41E-05
18	rs12969892	75996147	6.42E-05
6	6:8022953:A:G	8022953	6.45E-05
6	6:8024773:TA:T	8024773	6.45E-05
6	6:68285398:T:C	68285398	6.52E-05
6	rs6909883	68299926	6.52E-05
6	rs7452931	68287577	6.52E-05
6	rs55740943	13478887	6.52E-05
10	10:108026558:A:G	108026558	6.53E-05
10	10:108031978:T:A	108031978	6.53E-05
10	rs111838382	108033738	6.53E-05
10	rs138976379	108026503	6.53E-05
10	rs75649147	108027742	6.53E-05
10	rs79174976	108035747	6.53E-05
10	rs79434974	108032019	6.53E-05
3	3:152777150:T:C	152777150	6.55E-05
5	rs252016	114767267	6.62E-05
3	rs3905853	2366897	6.63E-05
9	9:71995184:G:T	71995184	6.64E-05
3	3:2368372:G:C	2368372	6.73E-05
14	rs6575613	97168839	6.84E-05
21	rs8130484	36319268	6.87E-05
14	rs61980119	97158734	6.91E-05
5	5:76067415:GCAGT:G	76067415	6.91E-05
5	rs12513447	76074912	6.93E-05
4	rs150315460	142663678	6.96E-05
3	3:6658090:C:A	6658090	6.97E-05
9	9:7433954:C:A	7433954	6.98E-05
6	6:88952352:C:T	88952352	7.00E-05
5	rs10070813	76044152	7.01E-05
5	rs10080083	76044299	7.01E-05
10	rs17215180	61928969	7.04E-05
3	3:2349929:A:G	2349929	7.11E-05
5	rs72750636	22988451	7.11E-05
5	rs10037793	18168836	7.12E-05
5	rs12515969	18168984	7.12E-05
5	rs3896348	18168447	7.12E-05
5	rs62349769	18169397	7.12E-05
5	rs6894110	18166513	7.12E-05
5	rs289027	114773404	7.17E-05
5	5:114749359:G:GA	114749359	7.17E-05
5	5:76107379:G:A	76107379	7.17E-05
5	rs10064145	76108930	7.17E-05
7	rs734531	33557364	7.18E-05
2	rs56009836	82241016	7.18E-05
5	5:110965526:C:T	110965526	7.19E-05
5	rs1862520	76110520	7.23E-05
5	rs7702044	76099900	7.27E-05
6	rs4446539	88938373	7.31E-05
2	2:165441893:G:GC	165441893	7.32E-05
21	rs6517344	36310487	7.33E-05
11	rs35725572	23907317	7.33E-05
3	rs2044604	2359132	7.34E-05
4	rs115350332	69446839	7.34E-05
5	rs10038757	76084495	7.35E-05
15	15:53101579:T:A	53101579	7.38E-05
12	rs10743903	10528020	7.43E-05
5	5:76032774:G:T	76032774	7.44E-05
10	rs12781264	69946736	7.45E-05
3	rs4561818	2345006	7.50E-05
10	rs3793825	69927736	7.58E-05
17	rs7218194	13443220	7.59E-05
17	rs9903148	13444940	7.59E-05
1	rs10910616	232245588	7.62E-05
3	rs16855102	170467988	7.65E-05
20	20:58913544:TA:T	58913544	7.70E-05
11	rs727899	23901832	7.73E-05
3	rs56172261	170458946	7.73E-05
5	5:114763092:T:C	114763092	7.73E-05
9	rs146538425	8353105	7.83E-05
10	10:108004577:G:C	108004577	7.86E-05
10	rs10509856	108003297	7.86E-05
10	rs117395151	108017714	7.86E-05
10	rs12411608	108010361	7.86E-05
10	rs142269683	108012191	7.86E-05
10	rs1980929	107989106	7.86E-05
10	rs74433849	107997407	7.86E-05
10	rs75327660	108012306	7.86E-05
10	rs75566557	108000685	7.86E-05
10	rs78621160	107997578	7.86E-05
10	rs78821045	108010871	7.86E-05
10	rs78978326	108016109	7.86E-05
10	rs7919017	108013273	7.86E-05
5	rs10514896	60405506	7.90E-05
5	rs287667	114681579	7.99E-05
3	3:6615883:G:T	6615883	8.03E-05
20	rs151331	58917449	8.06E-05
14	rs61980117	97151124	8.18E-05
5	rs10067484	76097793	8.18E-05
5	rs7711218	76107115	8.20E-05
3	rs3856732	41635015	8.24E-05
2	rs3886106	29997222	8.26E-05
9	rs7871364	8369718	8.27E-05
7	rs67887362	43196641	8.29E-05
5	rs10038280	76116304	8.29E-05
2	rs3754793	200443670	8.29E-05
3	rs56027076	170458989	8.32E-05
3	3:152790210:C:G	152790210	8.33E-05
15	15:53146101:G:GTCT	53146101	8.34E-05
15	15:53153000:T:C	53153000	8.34E-05
15	rs12903743	53148862	8.34E-05
15	rs12910455	53144357	8.34E-05
15	rs1605550	53152093	8.34E-05
11	rs10834233	23912267	8.35E-05
2	rs141303204	58297180	8.35E-05
10	rs11192160	104693792	8.39E-05
5	5:114768826:T:C	114768826	8.41E-05
5	rs153112	114764804	8.41E-05
5	5:76037601:G:T	76037601	8.48E-05
5	rs186744940	76037206	8.48E-05
15	rs1508039	53092910	8.49E-05
10	rs7918242	61932164	8.50E-05
5	5:76027505:T:G	76027505	8.50E-05
5	rs12513411	76031503	8.50E-05
5	rs28589644	76028034	8.50E-05
5	rs28727284	76028033	8.50E-05
5	rs2878718	76027563	8.50E-05
5	rs70979358	76027382	8.50E-05
14	rs61980118	97153277	8.52E-05
20	20:58920632:AT:A	58920632	8.53E-05
7	rs67729639	35344427	8.54E-05
13	rs9579142	28015358	8.55E-05
3	rs7615806	2351083	8.57E-05
5	rs1862519	76079472	8.65E-05
15	rs4776117	53178844	8.66E-05
11	rs1968680	80581481	8.66E-05
6	rs201389350	152552435	8.68E-05
15	15:53182820:T:C	53182820	8.69E-05
15	rs11853570	53182514	8.69E-05
15	15:53110787:AT:A	53110787	8.72E-05
16	rs77255553	5867107	8.74E-05
2	rs72783296	20209794	8.80E-05
5	5:114760570:G:C	114760570	8.80E-05
18	rs9952591	29794346	8.82E-05
2	2:1052964:T:C	1052964	8.85E-05
11	rs12800068	23894680	8.87E-05
14	rs112949006	33462413	8.88E-05
2	rs9678349	10547615	8.90E-05
3	rs55844248	170458922	8.91E-05
15	rs28875528	53136549	8.91E-05
7	7:43192505:CTAAA:C	43192505	8.92E-05
7	7:43193777:CT:C	43193777	8.92E-05
7	7:43194733:G:A	43194733	8.92E-05
7	rs111600912	43191485	8.92E-05
7	rs17642265	43194561	8.92E-05
7	rs56206590	43195296	8.92E-05
7	rs56793527	43194851	8.92E-05
7	rs57209616	43194463	8.92E-05
7	rs67075006	43195825	8.92E-05
7	rs77191951	43191489	8.92E-05
11	rs17409787	12845530	8.96E-05
1	rs12404272	210410121	9.03E-05
9	rs74742617	114107678	9.04E-05
2	2:200432447:CATTT:C	200432447	9.07E-05
2	rs756259	200436513	9.07E-05
2	rs7565519	200428926	9.07E-05
3	3:75267164:A:G	75267164	9.08E-05
7	rs12154230	72501739	9.18E-05
16	16:72045228:G:C	72045228	9.22E-05
16	rs7197869	72045453	9.22E-05
3	3:6679813:A:AACT	6679813	9.23E-05
3	rs1522468	6680244	9.23E-05
3	rs1522469	6680357	9.23E-05
3	rs1522470	6680374	9.23E-05
3	3:75228469:A:G	75228469	9.27E-05
2	rs35032985	29996368	9.31E-05
6	rs12200204	111061703	9.32E-05
5	rs10051950	76097813	9.34E-05
6	rs1907149	68372253	9.36E-05
5	rs17746749	76116412	9.37E-05
10	rs12780431	69946221	9.44E-05
3	rs1357300	6660164	9.44E-05
3	rs1403144	6660197	9.44E-05
3	rs4686080	6658207	9.44E-05
3	rs9848551	6658748	9.44E-05
3	rs9848709	6658871	9.44E-05
5	rs10063621	76111842	9.45E-05
3	rs6442726	2361591	9.46E-05
2	rs9678350	10547637	9.48E-05
8	8:124378653:A:C	124378653	9.50E-05
5	rs12656979	76029433	9.63E-05
15	rs11856436	53169343	9.68E-05
4	rs72726477	142596299	9.72E-05
11	rs10741810	20036547	9.73E-05
14	14:81975848:CTA:C	81975848	9.74E-05
5	rs1501903	76026668	9.79E-05
9	9:118683520:G:C	118683520	9.81E-05
5	rs10065114	76111556	9.89E-05
14	rs11850646	33476045	9.91E-05
14	rs61023286	81887943	9.96E-05
6	rs7754456	111066124	9.96E-05
14	14:81977025:ATAGAG:A	81977025	9.97E-05
1	1:55242617:C:G	55242617	9.97E-05
1	rs12063029	55243065	9.97E-05
1	rs6677343	55242200	9.97E-05
5	rs10462527	76029167	9.97E-05